2 0.0012021 0.1203 0.0098001
18 -0.017414 0.058624 -0.050653
32 -0.011921 0.037988 -0.026654
42 -0.0057724 0.01755 -0.046002
52 -0.0013725 -0.013769 -0.019354
66 -0.0071757 -0.0024991 -0.04368
77 0.00097463 0.021482 -0.069974
96 -0.0060685 0.020615 -0.065207
112 0.00016364 0.01727 -0.05479
122 5.824e-05 0.025943 -0.063443
146 0.005363 0.027774 -0.07141
157 -0.0064488 0.020868 -0.031182
171 -0.0061346 0.021715 -0.067145
191 0.0040446 -0.015804 -0.055538
205 -0.025655 -0.025295 0.028032
221 -0.01836 -0.02291 0.035349
231 -0.026995 -0.06463 -0.022006
255 0.0077799 -0.2499 0.1441
274 0.055271 -0.3722 0.3276
288 0.0089616 -0.451 0.077228
295 -0.01563 -0.2365 0.030692
309 -0.019228 0.02235 -0.064422
323 -0.074356 0.020904 -0.119
338 -0.042039 0.037067 -0.1346
348 0.0065071 0.045151 -0.077142
367 -0.0031305 0.034425 -0.063468
377 -0.0031459 0.027274 -0.090069
387 0.020796 0.035734 -0.090065
401 0.026567 0.036257 -0.061201
422 0.0098276 0.025492 -0.056963
436 0.013517 0.014575 -0.063475
443 0.00042591 0.012128 -0.060165
453 -0.00031727 0.012725 -0.041304
472 -0.018069 0.035712 -0.06294
491 0.0023864 0.033448 0.019195
510 0.01259 0.1144 0.093465
524 0.023255 0.1188 0.1619
531 0.037173 0.205 0.1558
541 0.022976 0.1388 0.1238
555 0.010187 0.068955 0.089055
565 0.012868 0.0031783 0.1233
579 0.011506 -0.0085496 0.1296
586 0.00087449 -0.050036 0.075468
598 0.0012826 -0.000121 0.022308
619 0.0024021 0.039442 0.03872
629 0.010272 0.041146 -0.013536
