# FIRST flexibility index results. Data refer to bonds.
#   original    original       flex.       FIRST       FIRST
#     atom 1      atom 2       index      atom 1      atom 2
# --------------------------------------------------------------------
       00001       00002      0.1111           1           2
       00001       00008      0.0000           1           8
       00001       00009      0.0000           1           9
       00001       00010      0.1111           1          10
       00002       00003      0.1111           2           3
       00002       00005      0.1111           2           5
       00002       00011      0.0000           2          11
       00003       00004      0.1111           3           4
       00003       00017      0.0000           3          17
       00004       00498      0.1111           4         498
       00005       00006      0.1111           5           6
       00005       00007      1.0000           5           7
       00005       00012      0.0000           5          12
       00006       00013      0.1111           6          13
       00007       00014      1.0000           7          14
       00007       00015      0.0000           7          15
       00007       00016      0.0000           7          16
       00010       00493      0.1111          10         493
       00013       00526      0.1111          13         526
       00017       00018      0.1111          17          18
       00017       00024      0.0000          17          24
       00018       00019      0.1111          18          19
       00018       00021      0.1111          18          21
       00018       00025      0.0000          18          25
       00019       00020      0.1111          19          20
       00019       00031      0.0000          19          31
       00021       00022      1.0000          21          22
       00021       00023      0.1111          21          23
       00021       00026      0.0000          21          26
       00022       00027      1.0000          22          27
       00023       00028      0.1111          23          28
       00023       00029      0.0000          23          29
       00023       00030      0.0000          23          30
       00023       00476      0.1111          23         476
       00031       00032      0.1111          31          32
       00031       00037      0.1111          31          37
       00032       00033      0.1111          32          33
       00032       00035      0.1111          32          35
       00032       00038      0.0000          32          38
       00033       00034      0.1111          33          34
       00033       00041      0.0000          33          41
       00034       00460      0.1111          34         460
       00035       00036      0.1111          35          36
       00035       00039      0.0000          35          39
       00035       00040      0.0000          35          40
       00035       00601      0.1111          35         601
       00036       00559      0.1111          36         559
       00036       00495      0.1111          36         495
       00037       00455      0.1111          37         455
       00041       00042      0.1111          41          42
       00041       00047      0.0000          41          47
       00042       00043      0.1111          42          43
       00042       00045      0.1111          42          45
       00042       00048      0.0000          42          48
       00043       00044      0.1111          43          44
       00043       00051      0.0000          43          51
       00045       00046      0.1111          45          46
       00045       00049      0.0000          45          49
       00045       00050      0.0000          45          50
       00045       00125      0.1111          45         125
       00046       00447      0.1111          46         447
       00046       00177      0.1111          46         177
       00051       00052     -0.0278          51          52
       00051       00057     -0.0278          51          57
       00052       00053      0.1111          52          53
       00052       00055     -0.0278          52          55
       00052       00058      0.0000          52          58
       00053       00054      0.1111          53          54
       00053       00065      0.0000          53          65
       00055       00056     -0.0278          55          56
       00055       00059      0.0000          55          59
       00055       00060      0.0000          55          60
       00056       00057     -0.0278          56          57
       00056       00061      0.0000          56          61
       00056       00062      0.0000          56          62
       00057       00063      0.0000          57          63
       00057       00064      0.0000          57          64
       00065       00066      0.1111          65          66
       00065       00071      0.0000          65          71
       00066       00067      0.1111          66          67
       00066       00069     -0.0006          66          69
       00066       00072      0.0000          66          72
       00067       00068     -0.0006          67          68
       00067       00076     -0.0006          67          76
       00068       00132     -0.0006          68         132
       00069       00070     -0.0006          69          70
       00069       00073      0.0000          69          73
       00069       00074      0.0000          69          74
       00070       00075      0.0000          70          75
       00070       00116     -0.0006          70         116
       00076       00077     -0.0006          76          77
       00076       00084      0.0000          76          84
       00077       00078     -0.0006          77          78
       00077       00080      1.0000          77          80
       00077       00085      0.0000          77          85
       00078       00079     -0.0006          78          79
       00078       00095     -0.0006          78          95
       00079       00151     -0.0006          79         151
       00080       00081      1.0000          80          81
       00080       00082      1.0000          80          82
       00080       00086      0.0000          80          86
       00081       00083      1.0000          81          83
       00081       00087      0.0000          81          87
       00081       00088      0.0000          81          88
       00082       00089      1.0000          82          89
       00082       00090      0.0000          82          90
       00082       00091      0.0000          82          91
       00083       00092      1.0000          83          92
       00083       00093      0.0000          83          93
       00083       00094      0.0000          83          94
       00095       00096     -0.0006          95          96
       00095       00102      0.0000          95         102
       00096       00097     -0.0006          96          97
       00096       00099      1.0000          96          99
       00096       00103      0.0000          96         103
       00097       00098     -0.0006          97          98
       00097       00111     -0.0006          97         111
       00098       00164     -0.0006          98         164
       00099       00100      1.0000          99         100
       00099       00101      1.0000          99         101
       00099       00104      0.0000          99         104
       00100       00105      1.0000         100         105
       00100       00106      0.0000         100         106
       00100       00107      0.0000         100         107
       00101       00108      1.0000         101         108
       00101       00109      0.0000         101         109
       00101       00110      0.0000         101         110
       00111       00112     -0.0006         111         112
       00111       00116     -0.0006         111         116
       00112       00113     -0.0006         112         113
       00112       00115      1.0000         112         115
       00112       00117      0.0000         112         117
       00113       00114     -0.0006         113         114
       00113       00121     -0.0006         113         121
       00114       00181     -0.0006         114         181
       00115       00118      1.0000         115         118
       00115       00119      0.0000         115         119
       00115       00120      0.0000         115         120
       00121       00122     -0.0006         121         122
       00121       00132     -0.0006         121         132
       00122       00123     -0.0006         122         123
       00122       00125      0.1111         122         125
       00122       00133      0.0000         122         133
       00123       00124     -0.0006         123         124
       00123       00145     -0.0006         123         145
       00124       00198     -0.0006         124         198
       00125       00126      1.0000         125         126
       00125       00134      0.0000         125         134
       00125       00135      0.0000         125         135
       00126       00127      1.0000         126         127
       00126       00136      0.0000         126         136
       00126       00137      0.0000         126         137
       00127       00128      1.0000         127         128
       00127       00138      0.0000         127         138
       00127       00139      0.0000         127         139
       00128       00129      1.0000         128         129
       00128       00140      0.0000         128         140
       00129       00130      0.0000         129         130
       00129       00131      0.0000         129         131
       00130       00141      0.0000         130         141
       00130       00142      0.0000         130         142
       00131       00143      0.0000         131         143
       00131       00144      0.0000         131         144
       00145       00146     -0.0006         145         146
       00145       00151     -0.0006         145         151
       00146       00147     -0.0006         146         147
       00146       00149      1.0000         146         149
       00146       00152      0.0000         146         152
       00147       00148     -0.0006         147         148
       00147       00156     -0.0006         147         156
       00148       00211     -0.0006         148         211
       00149       00150      1.0000         149         150
       00149       00153      0.0000         149         153
       00149       00154      0.0000         149         154
       00150       00155      1.0000         150         155
       00156       00157     -0.0006         156         157
       00156       00164     -0.0006         156         164
       00157       00158     -0.0006         157         158
       00157       00160      1.0000         157         160
       00157       00165      0.0000         157         165
       00158       00159     -0.0006         158         159
       00158       00170     -0.0006         158         170
       00159       00226     -0.0006         159         226
       00160       00161      1.0000         160         161
       00160       00166      0.0000         160         166
       00160       00167      0.0000         160         167
       00161       00162      1.0000         161         162
       00161       00163      0.0000         161         163
       00163       00168      0.0000         163         168
       00163       00169      0.0000         163         169
       00170       00171     -0.0006         170         171
       00170       00181     -0.0006         170         181
       00171       00172     -0.0006         171         172
       00171       00174      0.1111         171         174
       00171       00182      0.0000         171         182
       00172       00173      0.0000         172         173
       00172       00190     -0.0006         172         190
       00174       00175      0.1111         174         175
       00174       00183      0.0000         174         183
       00174       00184      0.0000         174         184
       00175       00176      0.1111         175         176
       00175       00177     -0.1000         175         177
       00176       00178     -0.1000         176         178
       00176       00185      0.0000         176         185
       00177       00179     -0.1000         177         179
       00177       00186      0.0000         177         186
       00177       00447      0.1111         177         447
       00178       00180     -0.1000         178         180
       00178       00187      0.0000         178         187
       00179       00180     -0.1000         179         180
       00179       00188      0.0000         179         188
       00179       00370      0.1111         179         370
       00180       00189      0.0000         180         189
       00190       00191     -0.0006         190         191
       00190       00198     -0.0006         190         198
       00191       00192     -0.0006         191         192
       00191       00194      1.0000         191         194
       00191       00199      0.0000         191         199
       00192       00193      0.0000         192         193
       00192       00204     -0.0006         192         204
       00194       00195      1.0000         194         195
       00194       00200      0.0000         194         200
       00194       00201      0.0000         194         201
       00195       00196      1.0000         195         196
       00195       00197      0.0000         195         197
       00197       00202      0.0000         197         202
       00197       00203      0.0000         197         203
       00204       00205     -0.0006         204         205
       00204       00211     -0.0006         204         211
       00205       00206     -0.0006         205         206
       00205       00208      1.0000         205         208
       00205       00212      0.0000         205         212
       00206       00207      0.0000         206         207
       00206       00220     -0.0006         206         220
       00208       00209      1.0000         208         209
       00208       00210      1.0000         208         210
       00208       00213      0.0000         208         213
       00209       00214      1.0000         209         214
       00209       00215      0.0000         209         215
       00209       00216      0.0000         209         216
       00210       00217      1.0000         210         217
       00210       00218      0.0000         210         218
       00210       00219      0.0000         210         219
       00220       00221      0.1111         220         221
       00220       00226     -0.0006         220         226
       00221       00222      0.1111         221         222
       00221       00224      0.1111         221         224
       00221       00227      0.0000         221         227
       00222       00223      0.1111         222         223
       00222       00230      0.0000         222         230
       00224       00225      0.1111         224         225
       00224       00228      0.0000         224         228
       00224       00229      0.0000         224         229
       00225       00371      0.1111         225         371
       00230       00231      0.1111         230         231
       00230       00241      0.0000         230         241
       00231       00232      0.1111         231         232
       00231       00234      1.0000         231         234
       00231       00242      0.0000         231         242
       00232       00233      0.1111         232         233
       00232       00254      0.0000         232         254
       00233       00291      0.0000         233         291
       00234       00235      1.0000         234         235
       00234       00243      0.0000         234         243
       00234       00244      0.0000         234         244
       00235       00236      1.0000         235         236
       00235       00245      0.0000         235         245
       00235       00246      0.0000         235         246
       00236       00237      1.0000         236         237
       00236       00247      0.0000         236         247
       00236       00248      0.0000         236         248
       00237       00238      1.0000         237         238
       00237       00249      0.0000         237         249
       00238       00239      0.0000         238         239
       00238       00240      0.0000         238         240
       00239       00250      0.0000         239         250
       00239       00251      0.0000         239         251
       00240       00252      0.0000         240         252
       00240       00253      0.0000         240         253
       00254       00255      0.0000         254         255
       00254       00262      0.0000         254         262
       00255       00256      0.0000         255         256
       00255       00258      1.0000         255         258
       00255       00263      0.0000         255         263
       00256       00257      0.0000         256         257
       00256       00273      0.0000         256         273
       00258       00259      1.0000         258         259
       00258       00264      0.0000         258         264
       00258       00265      0.0000         258         265
       00259       00260      1.0000         259         260
       00259       00261      1.0000         259         261
       00259       00266      0.0000         259         266
       00260       00267      1.0000         260         267
       00260       00268      0.0000         260         268
       00260       00269      0.0000         260         269
       00261       00270      1.0000         261         270
       00261       00271      0.0000         261         271
       00261       00272      0.0000         261         272
       00273       00274     -0.0278         273         274
       00273       00279     -0.0278         273         279
       00274       00275      0.0000         274         275
       00274       00277     -0.0278         274         277
       00274       00280      0.0000         274         280
       00275       00276      0.0000         275         276
       00275       00287      0.0000         275         287
       00277       00278     -0.0278         277         278
       00277       00281      0.0000         277         281
       00277       00282      0.0000         277         282
       00278       00279     -0.0278         278         279
       00278       00283      0.0000         278         283
       00278       00284      0.0000         278         284
       00279       00285      0.0000         279         285
       00279       00286      0.0000         279         286
       00287       00288      0.1111         287         288
       00287       00291      0.0000         287         291
       00288       00289      0.1111         288         289
       00288       00292      0.0000         288         292
       00288       00293      0.0000         288         293
       00289       00290      0.1111         289         290
       00289       00294      0.0000         289         294
       00294       00295      0.1111         294         295
       00294       00301      0.0000         294         301
       00295       00296      0.1111         295         296
       00295       00298      1.0000         295         298
       00295       00302      0.0000         295         302
       00296       00297      0.1111         296         297
       00296       00308      0.0000         296         308
       00298       00299      1.0000         298         299
       00298       00300      1.0000         298         300
       00298       00303      0.0000         298         303
       00299       00304      1.0000         299         304
       00300       00305      1.0000         300         305
       00300       00306      0.0000         300         306
       00300       00307      0.0000         300         307
       00308       00309     -0.0278         308         309
       00308       00314     -0.0278         308         314
       00309       00310      0.0000         309         310
       00309       00312     -0.0278         309         312
       00309       00315      0.0000         309         315
       00310       00311     -0.0005         310         311
       00310       00322     -0.0005         310         322
       00311       00372     -0.0005         311         372
       00312       00313     -0.0278         312         313
       00312       00316      0.0000         312         316
       00312       00317      0.0000         312         317
       00312       00351      0.0000         312         351
       00313       00314     -0.0278         313         314
       00313       00318      0.0000         313         318
       00313       00319      0.0000         313         319
       00314       00320      0.0000         314         320
       00314       00321      0.0000         314         321
       00322       00323     -0.0005         322         323
       00322       00331      0.0000         322         331
       00323       00324     -0.0005         323         324
       00323       00326      1.0000         323         326
       00323       00332      0.0000         323         332
       00324       00325     -0.0005         324         325
       00324       00337     -0.0005         324         337
       00325       00381     -0.0005         325         381
       00326       00327      1.0000         326         327
       00326       00333      0.0000         326         333
       00326       00334      0.0000         326         334
       00327       00328      1.0000         327         328
       00327       00335      0.0000         327         335
       00327       00336      0.0000         327         336
       00328       00329      1.0000         328         329
       00328       00330      0.0000         328         330
       00337       00338     -0.0005         337         338
       00337       00342      0.0000         337         342
       00338       00339     -0.0005         338         339
       00338       00341      1.0000         338         341
       00338       00343      0.0000         338         343
       00339       00340     -0.0005         339         340
       00339       00347     -0.0005         339         347
       00340       00393     -0.0005         340         393
       00341       00344      1.0000         341         344
       00341       00345      0.0000         341         345
       00341       00346      0.0000         341         346
       00347       00348     -0.0005         347         348
       00347       00355      0.0000         347         355
       00348       00349     -0.0005         348         349
       00348       00351      0.0000         348         351
       00348       00356      0.0000         348         356
       00349       00350     -0.0005         349         350
       00349       00366     -0.0005         349         366
       00350       00412     -0.0005         350         412
       00351       00352      0.2500         351         352
       00351       00357      0.0000         351         357
       00351       00358      0.0000         351         358
       00352       00353      1.0000         352         353
       00352       00354      0.2500         352         354
       00352       00359      0.0000         352         359
       00353       00360      1.0000         353         360
       00353       00361      0.0000         353         361
       00353       00362      0.0000         353         362
       00354       00363      0.2500         354         363
       00354       00364      0.0000         354         364
       00354       00365      0.0000         354         365
       00354       00408      0.2500         354         408
       00366       00367     -0.0005         366         367
       00366       00372     -0.0005         366         372
       00367       00368     -0.0005         367         368
       00367       00370      0.1111         367         370
       00367       00373      0.0000         367         373
       00368       00369     -0.0005         368         369
       00368       00376     -0.0005         368         376
       00369       00431     -0.0005         369         431
       00369       00428     -0.0005         369         428
       00370       00371      0.1111         370         371
       00370       00374      0.0000         370         374
       00370       00375      0.0000         370         375
       00376       00377     -0.0005         376         377
       00376       00381     -0.0005         376         381
       00377       00378     -0.0005         377         378
       00377       00380      0.1111         377         380
       00377       00382      0.0000         377         382
       00378       00379      0.0000         378         379
       00378       00386     -0.0005         378         386
       00379       00448      0.0000         379         448
       00380       00383      0.1111         380         383
       00380       00384      0.0000         380         384
       00380       00385      0.0000         380         385
       00380       00478      0.1111         380         478
       00386       00387     -0.0005         386         387
       00386       00393     -0.0005         386         393
       00387       00388     -0.0005         387         388
       00387       00390      1.0000         387         390
       00387       00394      0.0000         387         394
       00388       00389      0.0000         388         389
       00388       00400     -0.0005         388         400
       00390       00391      1.0000         390         391
       00390       00392      1.0000         390         392
       00390       00395      0.0000         390         395
       00391       00396      1.0000         391         396
       00392       00397      1.0000         392         397
       00392       00398      0.0000         392         398
       00392       00399      0.0000         392         399
       00400       00401     -0.0005         400         401
       00400       00412     -0.0005         400         412
       00401       00402     -0.0005         401         402
       00401       00404      0.2500         401         404
       00401       00413      0.0000         401         413
       00402       00403      0.0000         402         403
       00402       00421     -0.0005         402         421
       00404       00405      0.2500         404         405
       00404       00414      0.0000         404         414
       00404       00415      0.0000         404         415
       00405       00406      0.2500         405         406
       00405       00407     -0.1000         405         407
       00406       00408     -0.1000         406         408
       00406       00416      0.0000         406         416
       00407       00409     -0.1000         407         409
       00407       00417      0.0000         407         417
       00408       00410     -0.1000         408         410
       00408       00418      0.0000         408         418
       00409       00410     -0.1000         409         410
       00409       00419      0.0000         409         419
       00410       00411      1.0000         410         411
       00411       00420      1.0000         411         420
       00421       00422     -0.0005         421         422
       00421       00428     -0.0005         421         428
       00422       00423      0.0000         422         423
       00422       00425     -0.0005         422         425
       00422       00429      0.0000         422         429
       00423       00424      0.0000         423         424
       00423       00435      0.0000         423         435
       00425       00426     -0.0005         425         426
       00425       00427      1.0000         425         427
       00425       00430      0.0000         425         430
       00426       00431     -0.0005         426         431
       00427       00432      1.0000         427         432
       00427       00433      0.0000         427         433
       00427       00434      0.0000         427         434
       00435       00436      0.0000         435         436
       00435       00439      0.0000         435         439
       00436       00437      0.0000         436         437
       00436       00440      0.0000         436         440
       00436       00441      0.0000         436         441
       00437       00438      0.0000         437         438
       00437       00442      0.0000         437         442
       00442       00443      0.1111         442         443
       00442       00448      0.0000         442         448
       00443       00444      0.1111         443         444
       00443       00446      0.1111         443         446
       00443       00449      0.0000         443         449
       00444       00445      0.1111         444         445
       00444       00452      0.0000         444         452
       00446       00447      0.1111         446         447
       00446       00450      0.0000         446         450
       00446       00451      0.0000         446         451
       00452       00453      0.1111         452         453
       00452       00460      0.1111         452         460
       00453       00454      0.1111         453         454
       00453       00456      0.1111         453         456
       00453       00461      0.0000         453         461
       00454       00455      0.1111         454         455
       00454       00471      0.0000         454         471
       00456       00457      0.1111         456         457
       00456       00458      0.1111         456         458
       00456       00462      0.0000         456         462
       00457       00459      0.1111         457         459
       00457       00463      0.0000         457         463
       00457       00464      0.0000         457         464
       00457       00604      0.1111         457         604
       00458       00465      0.1111         458         465
       00458       00466      0.0000         458         466
       00458       00467      0.0000         458         467
       00458       00606      0.1111         458         606
       00459       00468      0.1111         459         468
       00459       00469      0.0000         459         469
       00459       00470      0.0000         459         470
       00459       00496      0.1111         459         496
       00471       00472      0.1111         471         472
       00471       00479      0.0000         471         479
       00472       00473      0.1111         472         473
       00472       00475      0.1111         472         475
       00472       00480      0.0000         472         480
       00473       00474      0.1111         473         474
       00473       00490      0.0000         473         490
       00475       00476      0.1111         475         476
       00475       00477      1.0000         475         477
       00475       00481      0.0000         475         481
       00476       00478      0.1111         476         478
       00476       00482      0.0000         476         482
       00476       00483      0.0000         476         483
       00477       00484      1.0000         477         484
       00477       00485      0.0000         477         485
       00477       00486      0.0000         477         486
       00478       00487      0.1111         478         487
       00478       00488      0.0000         478         488
       00478       00489      0.0000         478         489
       00490       00491      0.1111         490         491
       00490       00498      0.1111         490         498
       00491       00492      0.1111         491         492
       00491       00494      0.1111         491         494
       00491       00499      0.0000         491         499
       00492       00493      0.1111         492         493
       00492       00509      0.0000         492         509
       00494       00495      0.1111         494         495
       00494       00496      0.1111         494         496
       00494       00500      0.0000         494         500
       00495       00497      1.0000         495         497
       00495       00501      0.0000         495         501
       00495       00502      0.0000         495         502
       00496       00503      0.1111         496         503
       00496       00504      0.0000         496         504
       00496       00505      0.0000         496         505
       00497       00506      1.0000         497         506
       00497       00507      0.0000         497         507
       00497       00508      0.0000         497         508
       00509       00510     -0.0278         509         510
       00509       00515     -0.0278         509         515
       00510       00511      0.1111         510         511
       00510       00513     -0.0278         510         513
       00510       00516      0.0000         510         516
       00511       00512      0.1111         511         512
       00511       00523      0.0000         511         523
       00513       00514     -0.0278         513         514
       00513       00517      0.0000         513         517
       00513       00518      0.0000         513         518
       00514       00515     -0.0278         514         515
       00514       00519      0.0000         514         519
       00514       00520      0.0000         514         520
       00515       00521      0.0000         515         521
       00515       00522      0.0000         515         522
       00523       00524      0.1111         523         524
       00523       00527      0.0000         523         527
       00524       00525      0.1111         524         525
       00524       00528      0.0000         524         528
       00524       00529      0.0000         524         529
       00525       00526      0.1111         525         526
       00525       00530      0.0000         525         530
       00530       00531      0.1111         530         531
       00530       00535      0.0000         530         535
       00531       00532      0.1111         531         532
       00531       00534      1.0000         531         534
       00531       00536      0.0000         531         536
       00532       00533      0.1111         532         533
       00532       00540      0.0000         532         540
       00534       00537      1.0000         534         537
       00534       00538      0.0000         534         538
       00534       00539      0.0000         534         539
       00540       00541      0.1111         540         541
       00540       00547      0.0000         540         547
       00541       00542      0.1111         541         542
       00541       00544      1.0000         541         544
       00541       00548      0.0000         541         548
       00542       00543      0.1111         542         543
       00542       00554      0.0000         542         554
       00544       00545      1.0000         544         545
       00544       00546      1.0000         544         546
       00544       00549      0.0000         544         549
       00545       00550      1.0000         545         550
       00546       00551      1.0000         546         551
       00546       00552      0.0000         546         552
       00546       00553      0.0000         546         553
       00554       00555      0.1111         554         555
       00554       00560      0.0000         554         560
       00555       00556      0.1111         555         556
       00555       00558      0.1111         555         558
       00555       00561      0.0000         555         561
       00556       00557      0.1111         556         557
       00556       00564      0.0000         556         564
       00558       00559      0.1111         558         559
       00558       00562      0.0000         558         562
       00558       00563      0.0000         558         563
       00564       00565     -0.0278         564         565
       00564       00570     -0.0278         564         570
       00565       00566      0.1111         565         566
       00565       00568     -0.0278         565         568
       00565       00571      0.0000         565         571
       00566       00567      0.1111         566         567
       00566       00578      0.0000         566         578
       00567       00609      0.1111         567         609
       00568       00569     -0.0278         568         569
       00568       00572      0.0000         568         572
       00568       00573      0.0000         568         573
       00569       00570     -0.0278         569         570
       00569       00574      0.0000         569         574
       00569       00575      0.0000         569         575
       00570       00576      0.0000         570         576
       00570       00577      0.0000         570         577
       00578       00579      0.1111         578         579
       00578       00582      0.0000         578         582
       00579       00580      0.1111         579         580
       00579       00583      0.0000         579         583
       00579       00584      0.0000         579         584
       00580       00581      0.1111         580         581
       00580       00585      0.0000         580         585
       00585       00586      0.1111         585         586
       00585       00593      0.0000         585         593
       00586       00587      0.1111         586         587
       00586       00589      1.0000         586         589
       00586       00594      0.0000         586         594
       00587       00588      0.1111         587         588
       00587       00597      0.0000         587         597
       00589       00590      1.0000         589         590
       00589       00595      0.0000         589         595
       00589       00596      0.0000         589         596
       00590       00591      1.0000         590         591
       00590       00592      0.0000         590         592
       00597       00598      0.1111         597         598
       00597       00609      0.1111         597         609
       00598       00599      1.0000         598         599
       00598       00601      0.1111         598         601
       00598       00610      0.0000         598         610
       00599       00600      1.0000         599         600
       00599       00618      0.0000         599         618
       00601       00602      0.1111         601         602
       00601       00611      0.0000         601         611
       00601       00612      0.0000         601         612
       00602       00603      0.1111         602         603
       00602       00604     -0.1000         602         604
       00603       00605     -0.1000         603         605
       00603       00613      0.0000         603         613
       00604       00606     -0.1000         604         606
       00604       00614      0.0000         604         614
       00605       00607     -0.1000         605         607
       00605       00615      0.0000         605         615
       00606       00607     -0.1000         606         607
       00606       00616      0.0000         606         616
       00607       00608      1.0000         607         608
       00608       00617      1.0000         608         617
       00618       00619      1.0000         618         619
       00618       00623      0.0000         618         623
       00619       00620      1.0000         619         620
       00619       00622      1.0000         619         622
       00619       00624      0.0000         619         624
       00620       00621      1.0000         620         621
       00620       00628      0.0000         620         628
       00622       00625      1.0000         622         625
       00622       00626      0.0000         622         626
       00622       00627      0.0000         622         627
       00628       00629      1.0000         628         629
       00628       00637      0.0000         628         637
       00629       00630      1.0000         629         630
       00629       00632      1.0000         629         632
       00629       00638      0.0000         629         638
       00630       00631      1.0000         630         631
       00630       00636      0.0000         630         636
       00632       00633      1.0000         632         633
       00632       00639      0.0000         632         639
       00632       00640      0.0000         632         640
       00633       00634      1.0000         633         634
       00633       00635      0.0000         633         635
       00635       00641      0.0000         635         641
       00635       00642      0.0000         635         642
