    0   0.00000 
    1   0.00000 
    2   0.00000 
    3   0.02222 
    4   0.06667 
    5   0.06667 
    6   0.06667 
    7   0.06667 
    8   0.06667 
    9   0.06667 
   10   0.06667 
   11   0.06667 
   12   0.06667 
   13   0.06667 
   14   0.15185 
   15   0.35185 
   16   0.42222 
   17   0.42222 
   18   0.42222 
   19   0.42222 
   20   0.42222 
   21   0.41111 
   22   0.38889 
   23   0.38889 
   24   0.40000 
   25   0.42222 
   26   0.42222 
   27   0.42222 
   28   0.42222 
   29   0.42222 
   30   0.37778 
   31   0.35556 
   32   0.35556 
   33   0.35556 
   34   0.35556 
   35   0.35556 
   36   0.35556 
   37   0.35556 
   38   0.16296 
   39   0.06667 
   40   0.06667 
   41   0.06667 
   42   0.06667 
   43   0.06667 
   44   0.06667 
   45   0.06667 
   46   0.06667 
   47   0.06667 
   48   0.06667 
   49   0.06667 
   50   0.06667 
   51   0.06667 
   52   0.06667 
   53   0.06667 
   54   0.06667 
   55   0.06667 
   56   0.06667 
   57   0.06667 
   58   0.05926 
   59   0.05556 
   60   0.05556 
   61   0.05556 
   62   0.05556 
   63   0.05556 
   64   0.05556 
   65   0.05556 
   66   0.05556 
   67   0.05556 
   68   0.05556 
   69   0.05556 
   70   0.02593 
   71   0.01111 
   72   0.01111 
   73   0.02963 
   74   0.06667 
   75   0.16296 
   76   0.35556 
   77   0.35556 
   78   0.35556 
   79   0.35556 
   80   0.35556 
   81   0.35556 
   82   0.35556 
   83   0.34074 
   84   0.33333 
   85   0.33333 
   86   0.33333 
   87   0.33333 
   88   0.33333 
   89   0.33333 
   90   0.33333 
   91   0.33333 
   92   0.33333 
   93   0.33333 
   94   0.33333 
   95   0.34074 
   96   0.35556 
   97   0.35556 
   98   0.35556 
   99   0.35556 
  100   0.35556 
  101   0.35556 
  102   0.35556 
  103   0.35556 
  104   0.35556 
  105   0.37778 
  106   0.42222 
  107   0.42222 
  108   0.42222 
  109   0.42222 
  110   0.42222 
  111   0.42222 
  112   0.42222 
  113   0.42222 
  114   0.42222 
  115   0.42222 
  116   0.42222 
  117   0.42222 
  118   0.42222 
  119   0.42222 
  120   0.42222 
  121   0.42222 
  122   0.42222 
  123   0.42222 
  124   0.42222 
  125   0.42222 
  126   0.42222 
  127   0.42222 
  128   0.42222 
  129   0.42222 
  130   0.42222 
  131   0.42222 
  132   0.42222 
  133   0.42222 
  134   0.42222 
  135   0.42222 
  136   0.42222 
  137   0.42222 
  138   0.42222 
  139   0.42222 
  140   0.18519 
  141   0.06667 
  142   0.06667 
  143   0.06667 
  144   0.06667 
  145   0.06667 
  146   0.06667 
  147   0.06667 
  148   0.06667 
  149   0.06667 
  150   0.06667 
  151   0.06667 
  152   0.06667 
  153   0.06667 
  154   0.06667 
  155   0.06667 
  156   0.06667 
  157   0.06667 
  158   0.06667 
  159   0.06667 
  160   0.06667 
  161   0.06667 
  162   0.06667 
  163   0.06667 
  164   0.06667 
  165   0.06667 
  166   0.06667 
  167   0.06667 
  168   0.11481 
  169   0.21111 
  170   0.21111 
  171   0.28148 
  172   0.42222 
  173   0.42222 
  174   0.42222 
  175   0.42222 
  176   0.42222 
  177   0.42222 
  178   0.42222 
  179   0.42222 
  180   0.42222 
  181   0.42222 
  182   0.42222 
  183   0.42222 
  184   0.42222 
  185   0.42222 
  186   0.42222 
  187   0.42222 
  188   0.42222 
  189   0.42222 
  190   0.42222 
  191   0.42222 
  192   0.42222 
  193   0.37037 
  194   0.34444 
  195   0.34444 
  196   0.34444 
  197   0.34444 
  198   0.34444 
  199   0.40000 
  200   0.51111 
  201   0.51111 
  202   0.51111 
  203   0.51111 
  204   0.51111 
  205   0.51111 
  206   0.51111 
  207   0.51111 
  208   0.51111 
  209   0.51111 
  210   0.51111 
  211   0.51111 
  212   0.51111 
  213   0.51111 
  214   0.51111 
  215   0.51111 
  216   0.51111 
  217   0.51111 
  218   0.67407 
  219   0.80741 
  220   0.42222 
  221   0.42222 
  222   0.42222 
  223   0.42222 
  224   0.42222 
  225   0.14074 
  226   0.00000 
  227   0.00000 
  228   0.00000 
  229   0.00000 
  230   0.02222 
  231   0.13333 
  232   0.26667 
  233   0.26667 
  234   0.26667 
  235   0.26667 
  236   0.40000 
  237   0.46667 
  238   0.46667 
  239   0.46667 
  240   0.46667 
  241   0.46667 
  242   0.46667 
  243   0.46667 
  244   0.46667 
  245   0.46667 
  246   0.46667 
  247   0.46667 
  248   0.46667 
  249   0.45926 
  250   0.45556 
  251   0.45556 
  252   0.45556 
  253   0.45556 
  254   0.45556 
  255   0.45556 
  256   0.45556 
  257   0.45556 
  258   0.45556 
  259   0.44815 
  260   0.44444 
  261   0.44444 
  262   0.30370 
  263   0.23333 
  264   0.23333 
  265   0.23333 
  266   0.23333 
  267   0.18889 
  268   0.10000 
  269   0.10000 
  270   0.10000 
  271   0.10000 
  272   0.10000 
  273   0.10000 
  274   0.10000 
  275   0.10000 
  276   0.10000 
  277   0.10000 
  278   0.10000 
  279   0.10000 
  280   0.10000 
  281   0.10000 
  282   0.10000 
  283   0.10000 
  284   0.10000 
  285   0.06667 
  286   0.00000 
  287   0.00000 
  288   0.00000 
  289   0.00000 
  290   0.00000 
  291   0.06667 
  292   0.10000 
  293   0.10000 
  294   0.18889 
  295   0.23333 
  296   0.23333 
  297   0.23333 
  298   0.23333 
  299   0.23333 
  300   0.23333 
  301   0.23333 
  302   0.23333 
  303   0.23333 
  304   0.23333 
  305   0.23333 
  306   0.23333 
  307   0.23333 
  308   0.23333 
  309   0.23333 
  310   0.23333 
  311   0.23333 
  312   0.23333 
  313   0.23333 
  314   0.23333 
  315   0.23333 
  316   0.23333 
  317   0.23333 
  318   0.23333 
  319   0.23333 
  320   0.23333 
  321   0.23333 
  322   0.23333 
  323   0.23333 
  324   0.23333 
  325   0.23333 
  326   0.23333 
  327   0.23333 
  328   0.23333 
  329   0.23333 
  330   0.23333 
  331   0.15926 
  332   0.12222 
  333   0.12222 
  334   0.12222 
  335   0.12222 
  336   0.12222 
  337   0.12222 
  338   0.12222 
  339   0.12593 
  340   0.13333 
  341   0.14074 
  342   0.15556 
  343   0.15556 
  344   0.15185 
  345   0.14444 
  346   0.14444 
  347   0.14444 
  348   0.14444 
  349   0.14444 
  350   0.20370 
  351   0.23333 
  352   0.23333 
  353   0.23333 
  354   0.23333 
  355   0.23333 
  356   0.23333 
  357   0.23333 
  358   0.23333 
  359   0.23333 
  360   0.23333 
  361   0.23333 
  362   0.20741 
  363   0.15556 
  364   0.15556 
  365   0.25926 
  366   0.46667 
  367   0.46667 
  368   0.46667 
  369   0.46667 
  370   0.46667 
  371   0.46667 
  372   0.46667 
  373   0.46667 
  374   0.46667 
  375   0.46667 
  376   0.46667 
  377   0.46667 
  378   0.46667 
  379   0.46667 
  380   0.46667 
  381   0.46667 
  382   0.46667 
  383   0.46667 
  384   0.43704 
  385   0.42222 
  386   0.42222 
  387   0.42222 
  388   0.42222 
  389   0.42222 
  390   0.42222 
  391   0.42222 
  392   0.40000 
  393   0.25926 
  394   0.00000 
  395   0.00000 
  396   0.00000 
  397   0.00000 
  398   0.14074 
  399   0.43704 
  400   0.46667 
  401   0.46667 
  402   0.46667 
  403   0.46667 
  404   0.46667 
  405   0.46667 
  406   0.46667 
  407   0.46667 
  408   0.46667 
  409   0.46667 
  410   0.46667 
  411   0.46667 
  412   0.46667 
  413   0.46667 
  414   0.46667 
  415   0.46667 
  416   0.46667 
  417   0.46667 
  418   0.46667 
  419   0.46667 
  420   0.43704 
  421   0.42222 
  422   0.42222 
  423   0.42222 
  424   0.42222 
  425   0.42222 
  426   0.42222 
  427   0.42222 
  428   0.42222 
  429   0.42222 
  430   0.42222 
  431   0.42222 
  432   0.42222 
  433   0.42222 
  434   0.45185 
  435   0.51111 
  436   0.51111 
  437   0.51111 
  438   0.51111 
  439   0.51111 
  440   0.51111 
  441   0.51111 
  442   0.48148 
  443   0.34815 
  444   0.00000 
  445   0.00000 
  446   0.00000 
  447   0.00000 
  448   0.00000 
  449   0.00000 
  450   0.00000 
  451   0.00000 
  452   0.00000 
  453   0.00000 
  454   0.00000 
  455   0.00000 
  456   0.17037 
  457   0.51111 
  458   0.51111 
  459   0.51111 
  460   0.51111 
  461   0.51111 
  462   0.51111 
  463   0.51111 
  464   0.51111 
  465   0.51111 
  466   0.51111 
  467   0.51111 
  468   0.51111 
  469   0.51111 
  470   0.51111 
  471   0.51111 
  472   0.51111 
  473   0.51111 
  474   0.51111 
  475   0.51111 
  476   0.51111 
  477   0.51111 
  478   0.51111 
  479   0.40000 
  480   0.34444 
  481   0.32222 
  482   0.10741 
  483   0.00000 
  484   0.00000 
  485   0.00000 
  486   0.02963 
  487   0.12222 
  488   0.18889 
  489   0.18889 
  490   0.26667 
  491   0.42222 
  492   0.42222 
  493   0.42222 
  494   0.42222 
  495   0.42222 
  496   0.42222 
  497   0.42222 
  498   0.42222 
  499   0.42222 
  500   0.42222 
  501   0.42222 
  502   0.42222 
  503   0.42222 
  504   0.42222 
