  0   -0.000   0.000    743   0.00000   0.00000
  1    0.000   2.476    720   0.01800   0.70220
  2    0.000   2.475    715   0.01813   0.70220
  3    0.000   2.472    702   0.01830   0.70168
  4    0.002   2.462    656   0.01878   0.68669
  5    0.009   2.455    617   0.01981   0.65736
  6   -0.024   2.448    586   0.02033   0.58114
  7   -0.037   2.445    566   0.02119   0.57791
  8   -0.049   2.443    554   0.02153   0.57313
  9   -0.049   2.442    553   0.02166   0.53760
 10   -0.068   2.440    543   0.02188   0.53501
 11   -0.083   2.438    533   0.02214   0.50698
 12   -0.093   2.438    527   0.02248   0.50543
 13   -0.098   2.436    521   0.02252   0.49858
 14   -0.100   2.436    519   0.02270   0.48204
 15   -0.136   2.433    506   0.02313   0.48088
 16   -0.149   2.432    500   0.02347   0.47868
 17   -0.205   2.430    487   0.02412   0.47287
 18   -0.208   2.430    485   0.02420   0.47287
 19   -0.251   2.428    473   0.02459   0.46938
 20   -0.265   2.427    469   0.02489   0.46938
 21   -0.331   2.425    457   0.02541   0.39147
 22   -0.345   2.424    455   0.02550   0.39147
 23   -0.362   2.423    452   0.02558   0.39147
 24   -0.367   2.423    450   0.02571   0.38036
 25   -0.388   2.423    448   0.02575   0.37984
 26   -0.406   2.422    445   0.02597   0.37984
 27   -0.488   2.420    436   0.02670   0.37984
 28   -0.663   2.417    418   0.02743   0.37313
 29   -0.670   2.417    417   0.02756   0.37313
 30   -0.683   2.417    416   0.02761   0.36085
 31   -0.832   2.415    408   0.02825   0.34703
 32   -0.889   2.414    401   0.02868   0.30891
 33   -0.902   2.414    399   0.02873   0.30891
 34   -0.909   2.414    398   0.02885   0.30891
 35   -1.053   2.411    384   0.02941   0.29935
 36   -1.098   2.410    380   0.02967   0.29703
 37   -1.151   2.409    376   0.02972   0.29703
 38   -1.154   2.409    374   0.02980   0.13398
 39   -1.182   2.408    370   0.03015   0.13398
 40   -1.193   2.408    369   0.03019   0.13075
 41   -1.203   2.408    367   0.03040   0.11757
 42   -1.288   2.406    360   0.03114   0.04599
 43   -1.340   2.406    353   0.03204   0.04599
 44   -1.340   2.405    352   0.03217   0.04599
 45   -1.448   2.405    347   0.03260   0.04599
 46   -1.474   2.404    345   0.03282   0.01525
 47   -1.486   2.404    344   0.03295   0.01525
 48   -1.536   2.404    341   0.03312   0.01525
 49   -1.555   2.403    340   0.03320   0.01525
 50   -1.566   2.403    339   0.03333   0.01525
 51   -1.643   2.402    334   0.03389   0.01525
 52   -1.665   2.402    332   0.03407   0.01525
 53   -1.669   2.402    331   0.03419   0.01525
 54   -1.707   2.402    329   0.03450   0.01525
 55   -1.731   2.401    328   0.03463   0.01525
 56   -1.861   2.399    315   0.03613   0.01537
 57   -1.969   2.398    306   0.03738   0.01537
 58   -1.977   2.398    304   0.03768   0.01537
 59   -2.073   2.397    300   0.03798   0.01537
 60   -2.124   2.397    296   0.03850   0.01537
 61   -2.395   2.395    287   0.03945   0.01537
 62   -2.424   2.395    286   0.03962   0.01537
 63   -2.439   2.395    285   0.03971   0.01537
 64   -2.613   2.393    276   0.04053   0.01537
 65   -2.670   2.393    272   0.04096   0.01537
 66   -2.706   2.392    269   0.04134   0.01305
 67   -2.849   2.391    262   0.04225   0.01318
 68   -2.865   2.391    261   0.04233   0.01318
 69   -2.886   2.390    257   0.04281   0.01227
 70   -2.901   2.390    255   0.04307   0.01227
 71   -3.017   2.388    247   0.04401   0.01176
 72   -3.051   2.388    245   0.04427   0.01176
 73   -3.071   2.388    243   0.04444   0.01176
 74   -3.072   2.387    242   0.04457   0.01176
 75   -3.157   2.387    235   0.04548   0.01176
 76   -3.305   2.385    222   0.04703   0.01176
 77   -3.313   2.384    219   0.04746   0.01176
 78   -3.531   2.382    203   0.04935   0.01176
 79   -3.549   2.381    201   0.04948   0.01085
 80   -3.574   2.381    198   0.04991   0.01085
 81   -3.629   2.380    196   0.05022   0.01085
 82   -3.853   2.377    180   0.05211   0.01085
 83   -3.903   2.377    177   0.05250   0.01085
 84   -3.967   2.376    175   0.05276   0.01085
 85   -4.012   2.376    172   0.05310   0.01085
 86   -4.081   2.375    165   0.05392   0.00969
 87   -4.238   2.373    154   0.05543   0.00969
 88   -4.502   2.370    138   0.05741   0.00724
 89   -4.810   2.366    119   0.05986   0.00271
