2 -0.1169 -0.047379 -0.034402
18 -0.017236 -0.0021475 0.026999
32 0.0052403 0.013933 0.047948
42 -0.0042206 0.0074312 0.027144
52 -0.0010996 -0.022493 0.041188
66 -0.015402 0.0022544 0.0041215
77 -0.0015956 0.054152 -0.041902
96 -0.039387 0.029505 -0.1113
112 -0.042195 0.0073416 -0.057464
122 -0.013495 0.038763 -0.032414
146 -0.0014487 0.07583 -0.1139
157 -0.032572 0.048761 -0.1136
171 -0.0039095 0.036506 -0.056027
191 0.055422 0.080928 -0.092944
205 -0.00046261 0.087678 -0.1292
221 -0.015636 0.035235 -0.038521
231 0.06475 0.038975 -0.034658
255 0.069525 0.097752 -0.1051
274 0.1019 -0.055746 0.072922
288 0.2025 -0.09338 0.03688
295 0.1614 -0.1496 0.1384
309 0.064063 -0.023278 0.098633
323 0.057104 -0.012149 0.053481
338 0.012201 -0.00055349 0.08401
348 -0.018796 -0.013347 0.088855
367 -0.013819 0.0014262 0.026065
377 -0.016857 -0.001184 0.034115
387 -0.067184 -0.014747 0.058897
401 -0.089935 -0.01939 0.014102
422 -0.064315 -0.011846 -0.018984
436 -0.058945 -0.025056 0.012225
443 -0.0092243 -0.0088194 0.014181
453 0.012777 -0.0027783 -0.015887
472 -0.018345 0.00040905 -0.013561
491 -0.037664 -0.0058684 -0.1454
510 -0.1469 -0.090545 -0.3354
524 -0.1263 -0.066484 -0.2504
531 -0.2791 -0.1054 -0.1458
541 -0.107 0.015629 0.052787
555 0.011297 0.022423 0.085926
565 0.1216 -0.0036241 0.082167
579 0.2296 -0.0024173 0.2667
586 0.1216 -0.049816 0.1584
598 0.045884 -0.0079103 0.087399
619 0.027546 0.058111 0.1631
629 -0.0043825 0.082908 0.1102
