#  Raw data from FIRST5
#  FIRST num    orig num       rigid    stressed   coll mode
# --------------------------------------------------------------------
           1       00001          51           0           1
           2       00002          94           0           1
           3       00003          52           0           1
           4       00004         135           0           1
           5       00005          95           0           1
           6       00006         136           0           1
           7       00007          15           0           0
           8       00008          51           0           1
           9       00009          51           0           1
          10       00010         137           0           1
          11       00011          94           0           1
          12       00012          95           0           1
          13       00013         138           0           1
          14       00014          15           0           0
          15       00015          15           0           0
          16       00016          15           0           0
          17       00017          52           0           1
          18       00018          96           0           1
          19       00019          53           0           1
          20       00020          53           0           1
          21       00021          97           0           1
          22       00022          98           0           0
          23       00023          16           0           1
          24       00024          52           0           1
          25       00025          96           0           1
          26       00026          97           0           1
          27       00027          98           0           0
          28       00028          16           0           1
          29       00029          16           0           1
          30       00030          16           0           1
          31       00031          53           0           1
          32       00032          99           0           1
          33       00033          54           0           1
          34       00034         139           0           1
          35       00035          55           0           1
          36       00036         100           0           1
          37       00037         140           0           1
          38       00038          99           0           1
          39       00039          55           0           1
          40       00040          55           0           1
          41       00041          54           0           1
          42       00042         101           0           1
          43       00043           4           0           1
          44       00044           4           0           1
          45       00045          56           0           1
          46       00046         102           0           1
          47       00047          54           0           1
          48       00048         101           0           1
          49       00049          56           0           1
          50       00050          56           0           1
          51       00051           4           6           1
          52       00052           4           6           1
          53       00053          17           0           1
          54       00054          17           0           1
          55       00055           4           6           1
          56       00056           4           6           1
          57       00057           4           6           1
          58       00058           4           0           1
          59       00059           4           0           1
          60       00060           4           0           1
          61       00061           4           0           1
          62       00062           4           0           1
          63       00063           4           0           1
          64       00064           4           0           1
          65       00065          17           0           1
          66       00066           2           1           1
          67       00067           2           1           1
          68       00068           2           1           1
          69       00069           2           1           1
          70       00070           2           1           1
          71       00071          17           0           1
          72       00072           2           0           1
          73       00073           2           0           1
          74       00074           2           0           1
          75       00075           2           0           1
          76       00076           2           1           1
          77       00077           2           1           1
          78       00078           2           1           1
          79       00079           2           1           1
          80       00080         103           0           0
          81       00081          57           0           0
          82       00082          18           0           0
          83       00083          19           0           0
          84       00084           2           0           1
          85       00085           2           0           1
          86       00086         103           0           0
          87       00087          57           0           0
          88       00088          57           0           0
          89       00089          18           0           0
          90       00090          18           0           0
          91       00091          18           0           0
          92       00092          19           0           0
          93       00093          19           0           0
          94       00094          19           0           0
          95       00095           2           1           1
          96       00096           2           1           1
          97       00097           2           1           1
          98       00098           2           1           1
          99       00099         104           0           0
         100       00100          20           0           0
         101       00101          21           0           0
         102       00102           2           0           1
         103       00103           2           0           1
         104       00104         104           0           0
         105       00105          20           0           0
         106       00106          20           0           0
         107       00107          20           0           0
         108       00108          21           0           0
         109       00109          21           0           0
         110       00110          21           0           0
         111       00111           2           1           1
         112       00112           2           1           1
         113       00113           2           1           1
         114       00114           2           1           1
         115       00115          22           0           0
         116       00116           2           1           1
         117       00117           2           0           1
         118       00118          22           0           0
         119       00119          22           0           0
         120       00120          22           0           0
         121       00121           2           1           1
         122       00122           2           1           1
         123       00123           2           1           1
         124       00124           2           1           1
         125       00125          58           0           1
         126       00126          59           0           0
         127       00127          60           0           0
         128       00128          10           0           0
         129       00129          10           0           0
         130       00130          10           0           0
         131       00131          10           0           0
         132       00132           2           1           1
         133       00133           2           0           1
         134       00134          58           0           1
         135       00135          58           0           1
         136       00136          59           0           0
         137       00137          59           0           0
         138       00138          60           0           0
         139       00139          60           0           0
         140       00140          10           0           0
         141       00141          10           0           0
         142       00142          10           0           0
         143       00143          10           0           0
         144       00144          10           0           0
         145       00145           2           1           1
         146       00146           2           1           1
         147       00147           2           1           1
         148       00148           2           1           1
         149       00149          61           0           0
         150       00150         105           0           0
         151       00151           2           1           1
         152       00152           2           0           1
         153       00153          61           0           0
         154       00154          61           0           0
         155       00155         105           0           0
         156       00156           2           1           1
         157       00157           2           1           1
         158       00158           2           1           1
         159       00159           2           1           1
         160       00160          62           0           0
         161       00161          12           0           0
         162       00162          12           0           0
         163       00163          12           0           0
         164       00164           2           1           1
         165       00165           2           0           1
         166       00166          62           0           0
         167       00167          62           0           0
         168       00168          12           0           0
         169       00169          12           0           0
         170       00170           2           1           1
         171       00171           2           1           1
         172       00172           2           1           1
         173       00173           2           0           1
         174       00174          63           0           1
         175       00175           7           3           1
         176       00176           7           3           1
         177       00177           7           3           1
         178       00178           7           3           1
         179       00179           7           3           1
         180       00180           7           3           1
         181       00181           2           1           1
         182       00182           2           0           1
         183       00183          63           0           1
         184       00184          63           0           1
         185       00185           7           0           1
         186       00186           7           0           1
         187       00187           7           0           1
         188       00188           7           0           1
         189       00189           7           0           1
         190       00190           2           1           1
         191       00191           2           1           1
         192       00192           2           1           1
         193       00193           2           0           1
         194       00194          64           0           0
         195       00195          13           0           0
         196       00196          13           0           0
         197       00197          13           0           0
         198       00198           2           1           1
         199       00199           2           0           1
         200       00200          64           0           0
         201       00201          64           0           0
         202       00202          13           0           0
         203       00203          13           0           0
         204       00204           2           1           1
         205       00205           2           1           1
         206       00206           2           1           1
         207       00207           2           0           1
         208       00208         106           0           0
         209       00209          23           0           0
         210       00210          24           0           0
         211       00211           2           1           1
         212       00212           2           0           1
         213       00213         106           0           0
         214       00214          23           0           0
         215       00215          23           0           0
         216       00216          23           0           0
         217       00217          24           0           0
         218       00218          24           0           0
         219       00219          24           0           0
         220       00220           2           1           1
         221       00221         107           0           1
         222       00222          25           0           1
         223       00223          25           0           1
         224       00224          65           0           1
         225       00225         108           0           1
         226       00226           2           1           1
         227       00227         107           0           1
         228       00228          65           0           1
         229       00229          65           0           1
         230       00230          25           0           1
         231       00231         109           0           1
         232       00232           3           0           1
         233       00233           3           0           1
         234       00234          66           0           0
         235       00235          67           0           0
         236       00236          68           0           0
         237       00237          11           0           0
         238       00238          11           0           0
         239       00239          11           0           0
         240       00240          11           0           0
         241       00241          25           0           1
         242       00242         109           0           1
         243       00243          66           0           0
         244       00244          66           0           0
         245       00245          67           0           0
         246       00246          67           0           0
         247       00247          68           0           0
         248       00248          68           0           0
         249       00249          11           0           0
         250       00250          11           0           0
         251       00251          11           0           0
         252       00252          11           0           0
         253       00253          11           0           0
         254       00254           3           0           1
         255       00255           3           0           1
         256       00256           3           0           1
         257       00257           3           0           1
         258       00258          69           0           0
         259       00259         110           0           0
         260       00260          26           0           0
         261       00261          27           0           0
         262       00262           3           0           1
         263       00263           3           0           1
         264       00264          69           0           0
         265       00265          69           0           0
         266       00266         110           0           0
         267       00267          26           0           0
         268       00268          26           0           0
         269       00269          26           0           0
         270       00270          27           0           0
         271       00271          27           0           0
         272       00272          27           0           0
         273       00273           3           7           1
         274       00274           3           7           1
         275       00275           3           0           1
         276       00276           3           0           1
         277       00277           3           7           1
         278       00278           3           7           1
         279       00279           3           7           1
         280       00280           3           0           1
         281       00281           3           0           1
         282       00282           3           0           1
         283       00283           3           0           1
         284       00284           3           0           1
         285       00285           3           0           1
         286       00286           3           0           1
         287       00287           3           0           1
         288       00288          70           0           1
         289       00289          28           0           1
         290       00290          28           0           1
         291       00291           3           0           1
         292       00292          70           0           1
         293       00293          70           0           1
         294       00294          28           0           1
         295       00295         111           0           1
         296       00296           1           0           1
         297       00297           1           0           1
         298       00298         112           0           0
         299       00299         113           0           0
         300       00300          29           0           0
         301       00301          28           0           1
         302       00302         111           0           1
         303       00303         112           0           0
         304       00304         113           0           0
         305       00305          29           0           0
         306       00306          29           0           0
         307       00307          29           0           0
         308       00308           1           8           0
         309       00309           1           8           0
         310       00310           1           2           0
         311       00311           1           2           0
         312       00312           1           8           0
         313       00313           1           8           0
         314       00314           1           8           0
         315       00315           1           0           0
         316       00316           1           0           0
         317       00317           1           0           0
         318       00318           1           0           0
         319       00319           1           0           0
         320       00320           1           0           0
         321       00321           1           0           0
         322       00322           1           2           0
         323       00323           1           2           0
         324       00324           1           2           0
         325       00325           1           2           0
         326       00326          71           0           0
         327       00327          72           0           0
         328       00328          73           0           0
         329       00329          73           0           0
         330       00330          73           0           0
         331       00331           1           0           0
         332       00332           1           0           0
         333       00333          71           0           0
         334       00334          71           0           0
         335       00335          72           0           0
         336       00336          72           0           0
         337       00337           1           2           0
         338       00338           1           2           0
         339       00339           1           2           0
         340       00340           1           2           0
         341       00341          30           0           0
         342       00342           1           0           0
         343       00343           1           0           0
         344       00344          30           0           0
         345       00345          30           0           0
         346       00346          30           0           0
         347       00347           1           2           0
         348       00348           1           2           0
         349       00349           1           2           0
         350       00350           1           2           0
         351       00351           1           0           2
         352       00352         114           0           2
         353       00353          31           0           0
         354       00354          32           0           2
         355       00355           1           0           0
         356       00356           1           0           0
         357       00357           1           0           0
         358       00358           1           0           0
         359       00359         114           0           2
         360       00360          31           0           0
         361       00361          31           0           0
         362       00362          31           0           0
         363       00363          32           0           2
         364       00364          32           0           2
         365       00365          32           0           2
         366       00366           1           2           0
         367       00367           1           2           1
         368       00368           1           2           0
         369       00369           1           2           0
         370       00370          74           0           1
         371       00371         108           0           1
         372       00372           1           2           0
         373       00373           1           0           0
         374       00374          74           0           1
         375       00375          74           0           1
         376       00376           1           2           0
         377       00377           1           2           1
         378       00378           1           2           0
         379       00379           1           0           0
         380       00380          33           0           1
         381       00381           1           2           0
         382       00382           1           0           0
         383       00383          33           0           1
         384       00384          33           0           1
         385       00385          33           0           1
         386       00386           1           2           0
         387       00387           1           2           0
         388       00388           1           2           0
         389       00389           1           0           0
         390       00390         115           0           0
         391       00391         116           0           0
         392       00392          34           0           0
         393       00393           1           2           0
         394       00394           1           0           0
         395       00395         115           0           0
         396       00396         116           0           0
         397       00397          34           0           0
         398       00398          34           0           0
         399       00399          34           0           0
         400       00400           1           2           0
         401       00401           1           2           2
         402       00402           1           2           0
         403       00403           1           0           0
         404       00404          75           0           2
         405       00405           8           4           2
         406       00406           8           4           2
         407       00407           8           4           2
         408       00408           8           4           2
         409       00409           8           4           2
         410       00410           8           4           2
         411       00411         117           0           0
         412       00412           1           2           0
         413       00413           1           0           0
         414       00414          75           0           2
         415       00415          75           0           2
         416       00416           8           0           2
         417       00417           8           0           2
         418       00418           8           0           2
         419       00419           8           0           2
         420       00420         117           0           0
         421       00421           1           2           0
         422       00422           1           2           0
         423       00423           1           0           0
         424       00424           1           0           0
         425       00425           1           2           0
         426       00426           1           2           0
         427       00427          35           0           0
         428       00428           1           2           0
         429       00429           1           0           0
         430       00430           1           0           0
         431       00431           1           2           0
         432       00432          35           0           0
         433       00433          35           0           0
         434       00434          35           0           0
         435       00435           1           0           0
         436       00436           1           0           0
         437       00437           1           0           0
         438       00438           1           0           0
         439       00439           1           0           0
         440       00440           1           0           0
         441       00441           1           0           0
         442       00442           1           0           1
         443       00443         118           0           1
         444       00444          76           0           1
         445       00445          76           0           1
         446       00446          77           0           1
         447       00447         102           0           1
         448       00448           1           0           0
         449       00449         118           0           1
         450       00450          77           0           1
         451       00451          77           0           1
         452       00452          76           0           1
         453       00453         119           0           1
         454       00454          78           0           1
         455       00455         141           0           1
         456       00456         120           0           1
         457       00457          79           0           1
         458       00458          36           0           1
         459       00459          37           0           1
         460       00460         142           0           1
         461       00461         119           0           1
         462       00462         120           0           1
         463       00463          79           0           1
         464       00464          79           0           1
         465       00465          36           0           1
         466       00466          36           0           1
         467       00467          36           0           1
         468       00468          37           0           1
         469       00469          37           0           1
         470       00470          37           0           1
         471       00471          78           0           1
         472       00472         121           0           1
         473       00473          80           0           1
         474       00474          80           0           1
         475       00475         122           0           1
         476       00476          81           0           1
         477       00477          38           0           0
         478       00478          39           0           1
         479       00479          78           0           1
         480       00480         121           0           1
         481       00481         122           0           1
         482       00482          81           0           1
         483       00483          81           0           1
         484       00484          38           0           0
         485       00485          38           0           0
         486       00486          38           0           0
         487       00487          39           0           1
         488       00488          39           0           1
         489       00489          39           0           1
         490       00490          80           0           1
         491       00491         123           0           1
         492       00492           6           0           1
         493       00493         143           0           1
         494       00494         124           0           1
         495       00495          82           0           1
         496       00496          40           0           1
         497       00497          41           0           0
         498       00498         144           0           1
         499       00499         123           0           1
         500       00500         124           0           1
         501       00501          82           0           1
         502       00502          82           0           1
         503       00503          40           0           1
         504       00504          40           0           1
         505       00505          40           0           1
         506       00506          41           0           0
         507       00507          41           0           0
         508       00508          41           0           0
         509       00509           6           9           1
         510       00510           6           9           1
         511       00511          42           0           1
         512       00512          42           0           1
         513       00513           6           9           1
         514       00514           6           9           1
         515       00515           6           9           1
         516       00516           6           0           1
         517       00517           6           0           1
         518       00518           6           0           1
         519       00519           6           0           1
         520       00520           6           0           1
         521       00521           6           0           1
         522       00522           6           0           1
         523       00523          42           0           1
         524       00524          83           0           1
         525       00525          84           0           1
         526       00526         145           0           1
         527       00527          42           0           1
         528       00528          83           0           1
         529       00529          83           0           1
         530       00530          84           0           1
         531       00531         125           0           1
         532       00532          43           0           1
         533       00533          43           0           1
         534       00534          44           0           0
         535       00535          84           0           1
         536       00536         125           0           1
         537       00537          44           0           0
         538       00538          44           0           0
         539       00539          44           0           0
         540       00540          43           0           1
         541       00541         126           0           1
         542       00542          45           0           1
         543       00543          45           0           1
         544       00544         127           0           0
         545       00545         128           0           0
         546       00546          46           0           0
         547       00547          43           0           1
         548       00548         126           0           1
         549       00549         127           0           0
         550       00550         128           0           0
         551       00551          46           0           0
         552       00552          46           0           0
         553       00553          46           0           0
         554       00554          45           0           1
         555       00555         129           0           1
         556       00556           5           0           1
         557       00557           5           0           1
         558       00558          85           0           1
         559       00559         100           0           1
         560       00560          45           0           1
         561       00561         129           0           1
         562       00562          85           0           1
         563       00563          85           0           1
         564       00564           5          10           1
         565       00565           5          10           1
         566       00566          86           0           1
         567       00567         146           0           1
         568       00568           5          10           1
         569       00569           5          10           1
         570       00570           5          10           1
         571       00571           5           0           1
         572       00572           5           0           1
         573       00573           5           0           1
         574       00574           5           0           1
         575       00575           5           0           1
         576       00576           5           0           1
         577       00577           5           0           1
         578       00578          86           0           1
         579       00579          87           0           1
         580       00580          47           0           1
         581       00581          47           0           1
         582       00582          86           0           1
         583       00583          87           0           1
         584       00584          87           0           1
         585       00585          47           0           1
         586       00586         130           0           1
         587       00587          88           0           1
         588       00588          88           0           1
         589       00589          89           0           0
         590       00590          90           0           0
         591       00591          90           0           0
         592       00592          90           0           0
         593       00593          47           0           1
         594       00594         130           0           1
         595       00595          89           0           0
         596       00596          89           0           0
         597       00597          88           0           1
         598       00598         131           0           1
         599       00599          48           0           0
         600       00600          48           0           0
         601       00601          91           0           1
         602       00602           9           5           1
         603       00603           9           5           1
         604       00604           9           5           1
         605       00605           9           5           1
         606       00606           9           5           1
         607       00607           9           5           1
         608       00608         132           0           0
         609       00609         147           0           1
         610       00610         131           0           1
         611       00611          91           0           1
         612       00612          91           0           1
         613       00613           9           0           1
         614       00614           9           0           1
         615       00615           9           0           1
         616       00616           9           0           1
         617       00617         132           0           0
         618       00618          48           0           0
         619       00619         133           0           0
         620       00620          49           0           0
         621       00621          49           0           0
         622       00622          50           0           0
         623       00623          48           0           0
         624       00624         133           0           0
         625       00625          50           0           0
         626       00626          50           0           0
         627       00627          50           0           0
         628       00628          49           0           0
         629       00629         134           0           0
         630       00630          92           0           0
         631       00631          92           0           0
         632       00632          93           0           0
         633       00633          14           0           0
         634       00634          14           0           0
         635       00635          14           0           0
         636       00636          92           0           0
         637       00637          49           0           0
         638       00638         134           0           0
         639       00639          93           0           0
         640       00640          93           0           0
         641       00641          14           0           0
         642       00642          14           0           0
