    0   0.48571 
    1   0.48571 
    2   0.48571 
    3   0.48571 
    4   0.48571 
    5   0.48571 
    6   0.48571 
    7   0.48571 
    8   0.48571 
    9   0.48571 
   10   0.48571 
   11   0.23810 
   12   0.11429 
   13   0.11429 
   14   0.11429 
   15   0.11429 
   16   0.11429 
   17   0.11429 
   18   0.11429 
   19   0.03810 
   20   0.00000 
   21   0.00000 
   22   0.00000 
   23   0.03810 
   24   0.11429 
   25   0.11429 
   26   0.11429 
   27   0.11429 
   28   0.11429 
   29   0.11429 
   30   0.11429 
   31   0.11429 
   32   0.11429 
   33   0.09524 
   34   0.08571 
   35   0.08571 
   36   0.08571 
   37   0.08571 
   38   0.08571 
   39   0.08571 
   40   0.08571 
   41   0.08571 
   42   0.08571 
   43   0.08571 
   44   0.08571 
   45   0.08571 
   46   0.08571 
   47   0.08571 
   48   0.08571 
   49   0.08571 
   50   0.08571 
   51   0.08571 
   52   0.08571 
   53   0.08571 
   54   0.08571 
   55   0.09524 
   56   0.11429 
   57   0.11429 
   58   0.17143 
   59   0.20000 
   60   0.20000 
   61   0.20000 
   62   0.20000 
   63   0.20000 
   64   0.20000 
   65   0.20000 
   66   0.20000 
   67   0.20000 
   68   0.20000 
   69   0.20000 
   70   0.20000 
   71   0.20000 
   72   0.20000 
   73   0.20000 
   74   0.20000 
   75   0.20000 
   76   0.20000 
   77   0.20000 
   78   0.20000 
   79   0.20000 
   80   0.20000 
   81   0.20000 
   82   0.20000 
   83   0.20000 
   84   0.20000 
   85   0.20000 
   86   0.20000 
   87   0.20000 
   88   0.20000 
   89   0.20000 
   90   0.20000 
   91   0.20000 
   92   0.20000 
   93   0.23810 
   94   0.37143 
   95   0.48571 
   96   0.48571 
   97   0.48571 
   98   0.48571 
   99   0.48571 
  100   0.48571 
  101   0.48571 
  102   0.48571 
  103   0.48571 
  104   0.48571 
  105   0.48571 
  106   0.40952 
  107   0.37143 
  108   0.37143 
  109   0.37143 
  110   0.37143 
  111   0.37143 
  112   0.37143 
  113   0.37143 
  114   0.37143 
  115   0.37143 
  116   0.37143 
  117   0.37143 
  118   0.37143 
  119   0.37143 
  120   0.37143 
  121   0.37143 
  122   0.37143 
  123   0.37143 
  124   0.38095 
  125   0.40000 
  126   0.40000 
  127   0.40000 
  128   0.40000 
  129   0.40000 
  130   0.40000 
  131   0.40952 
  132   0.46667 
  133   0.48571 
  134   0.48571 
  135   0.48571 
  136   0.48571 
  137   0.48571 
  138   0.48571 
  139   0.48571 
  140   0.48571 
  141   0.65714 
  142   0.97143 
  143   0.91429 
  144   0.91429 
  145   0.91429 
  146   0.91429 
  147   0.91429 
  148   0.91429 
  149   0.91429 
  150   0.91429 
  151   0.91429 
  152   0.91429 
  153   0.91429 
  154   0.91429 
  155   0.87619 
  156   0.85714 
  157   0.85714 
  158   0.60952 
  159   0.48571 
  160   0.37143 
  161   0.08571 
  162   0.04762 
  163   0.00952 
