  0   -0.000   0.000    271   0.00000   0.00000
  1   -0.044   2.466    211   0.02597   0.69592
  2   -0.473   2.439    165   0.02837   0.66679
  3   -0.478   2.438    164   0.02849   0.56430
  4   -0.500   2.437    162   0.02874   0.49244
  5   -0.520   2.436    160   0.02900   0.49054
  6   -0.820   2.428    143   0.03139   0.49092
  7   -1.070   2.425    138   0.03177   0.33888
  8   -1.564   2.422    132   0.03341   0.33737
  9   -1.589   2.421    131   0.03366   0.33737
 10   -1.595   2.421    130   0.03391   0.33737
 11   -1.667   2.419    128   0.03417   0.33548
 12   -1.890   2.416    121   0.03568   0.33132
 13   -1.976   2.415    119   0.03580   0.24887
 14   -2.124   2.414    117   0.03606   0.22428
 15   -2.153   2.413    115   0.03618   0.22315
 16   -2.203   2.412    114   0.03643   0.22315
 17   -2.310   2.412    112   0.03719   0.04728
 18   -2.551   2.411    109   0.03845   0.04728
 19   -2.758   2.407    102   0.03959   0.04728
 20   -2.902   2.407    101   0.03971   0.04728
 21   -2.986   2.406     99   0.03996   0.04728
 22   -3.081   2.405     98   0.04022   0.04728
 23   -3.092   2.404     96   0.04072   0.04539
 24   -3.168   2.402     92   0.04198   0.04539
 25   -3.470   2.399     85   0.04463   0.04576
 26   -3.595   2.397     81   0.04602   0.04576
 27   -3.684   2.396     78   0.04665   0.04576
 28   -3.728   2.394     75   0.04766   0.04576
 29   -3.735   2.394     74   0.04803   0.04576
 30   -3.765   2.393     72   0.04866   0.03555
 31   -4.081   2.390     62   0.05257   0.03555
 32   -4.112   2.389     60   0.05333   0.01778
 33   -4.226   2.387     58   0.05396   0.01475
 34   -4.284   2.386     55   0.05509   0.00567
