0 0 0 0 0 0 0 0 0 0 0 0 0 8 8 7 7 0 0 4 4 3 3 0 0 8 8 7 7 0 0 4 4 3 3 0 
3 0 0 0 0 0 0 0 0 0 0 0 0 8 8 7 7 0 0 4 4 3 3 0 0 8 8 7 7 0 0 4 4 3 3 3 
3 0 0 0 0 0 0 0 0 0 0 8 8 8 8 7 7 0 0 4 4 3 3 0 8 8 8 7 7 0 0 4 4 3 3 3 
3 0 0 0 0 0 0 0 0 0 8 8 8 8 8 7 7 0 0 4 4 3 3 0 8 8 8 7 7 0 0 4 4 0 4 4 
3 3 3 3 3 3 0 0 0 0 8 8 8 8 7 7 7 0 0 4 4 3 3 0 8 8 7 7 7 0 0 0 0 0 4 4 
3 3 3 3 3 0 0 8 8 8 8 8 8 8 7 7 7 7 0 4 4 3 3 0 8 8 7 7 7 0 0 0 0 0 4 4 
0 4 4 3 3 3 3 0 0 8 8 8 8 8 8 8 8 7 7 7 4 4 4 0 7 7 7 7 0 0 0 0 0 0 0 0 
4 4 4 3 3 3 3 3 3 3 3 0 8 8 8 8 8 8 8 8 7 7 7 0 0 0 0 0 0 0 0 0 0 0 0 0 
4 3 3 3 3 0 0 0 0 0 0 0 0 0 0 8 8 8 8 8 8 7 7 0 0 0 0 0 0 0 0 4 4 4 4 4 
3 3 3 3 3 0 0 0 0 0 0 0 0 0 0 0 0 0 8 8 8 7 7 0 0 0 0 0 0 0 0 4 4 3 3 3 
3 3 3 0 0 0 0 0 0 0 0 0 0 0 0 0 0 0 0 8 8 7 7 0 0 0 0 0 0 0 0 4 4 3 3 3 
0 0 0 0 0 0 0 0 0 0 0 0 0 0 0 0 0 0 8 8 8 7 7 0 0 0 0 0 0 0 0 4 4 3 3 3 
3 0 0 0 0 0 0 0 0 0 0 0 0 0 0 0 0 0 8 8 8 7 7 0 0 0 0 0 0 0 0 4 4 3 3 3 
3 3 3 0 0 0 0 0 0 0 0 0 0 0 0 0 0 8 8 8 7 7 0 0 0 0 0 0 0 0 0 4 4 3 3 3 
3 3 0 0 0 0 0 0 0 0 0 0 0 0 0 0 0 8 8 8 0 0 0 0 0 0 0 0 7 7 7 4 4 3 3 3 
3 3 0 0 0 0 0 0 0 0 0 0 0 0 0 0 8 8 8 0 3 3 3 0 0 0 8 8 8 7 7 4 4 3 3 3 
3 0 0 0 0 0 0 0 0 0 0 0 0 0 0 8 8 8 8 0 3 3 3 0 0 0 8 8 8 7 7 4 4 3 3 3 
3 0 0 0 0 0 0 0 0 0 0 0 0 0 0 8 8 8 7 4 3 3 3 0 0 0 0 8 8 7 7 4 4 3 3 3 
3 0 0 0 0 0 0 0 0 0 0 0 0 0 8 8 8 7 0 4 3 3 3 3 0 0 0 8 8 7 7 4 4 3 3 3 
3 0 0 0 0 0 0 0 0 0 0 0 0 8 8 8 8 7 0 4 3 3 3 0 0 0 8 8 8 7 7 4 4 3 3 3 
3 0 0 0 0 0 0 0 0 0 0 0 0 8 8 8 7 0 4 3 3 3 0 0 0 0 0 8 8 7 7 4 4 3 3 3 
3 0 0 0 0 0 0 0 0 0 0 0 8 8 8 7 7 4 4 3 3 3 0 0 0 0 8 8 8 7 7 4 4 3 3 3 
3 3 0 0 0 0 0 0 0 0 0 0 8 8 8 7 7 4 4 3 3 0 0 0 0 0 8 8 8 7 7 4 4 3 3 3 
3 3 0 0 0 0 0 0 0 0 0 0 0 8 8 7 7 4 4 3 3 0 0 0 0 0 0 8 8 7 7 4 4 3 3 3 
3 0 0 0 0 0 0 0 0 0 0 0 0 8 8 7 7 4 4 3 3 3 0 0 0 8 8 8 8 7 7 4 4 3 3 3 
0 0 0 0 0 0 0 0 0 0 0 0 8 8 8 8 8 8 8 3 3 0 0 0 0 8 8 8 7 7 7 4 4 3 3 3 
0 0 0 0 0 0 0 0 0 0 0 0 0 0 8 8 8 8 8 3 3 0 0 0 0 8 8 8 7 7 0 4 4 3 3 3 
0 0 0 0 0 0 0 0 0 0 0 0 0 0 0 0 0 8 8 8 3 3 3 3 0 0 8 8 7 7 0 4 4 3 3 0 
0 0 0 0 0 0 0 0 0 0 0 0 0 0 0 0 0 8 8 8 3 3 3 3 0 0 8 8 7 7 0 4 4 3 3 0 
0 0 0 0 0 0 0 0 0 0 0 0 0 0 0 0 8 8 8 7 7 0 0 0 0 0 8 8 7 7 4 4 4 3 3 0 
0 0 0 0 0 0 0 0 0 0 0 0 0 0 0 0 8 8 8 7 7 0 0 0 0 0 0 7 7 7 4 4 3 3 3 0 
0 0 0 0 0 0 0 0 0 0 0 0 0 0 0 0 8 8 8 7 7 0 0 0 0 0 0 0 0 4 4 3 3 3 3 0 
0 0 0 0 0 0 0 0 0 0 0 0 0 0 0 0 0 8 8 7 7 0 0 0 0 0 0 0 0 4 4 3 3 3 0 0 
0 0 0 0 0 0 0 0 0 0 0 0 0 0 0 8 8 8 8 7 7 0 0 0 0 0 0 0 0 4 4 3 3 0 0 0 
0 0 0 0 0 0 0 0 0 0 0 0 0 0 0 8 8 7 7 7 4 4 0 0 0 7 7 7 0 4 4 3 3 3 0 0 
0 0 0 0 0 0 0 0 0 0 0 0 0 0 8 8 7 7 0 4 4 3 3 0 8 8 7 7 0 4 4 3 3 3 3 0 

3 for +phi (small)
4 for +phi (large)

7 for -phi (large)
8 for -phi (small)
