0 0 0 0 0 0 0 0 0 0 0 0 0 0 0 7 7 0 0 0 0 3 3 3 3 3 3 0 0 0 0 7 7 8 8 0 
8 0 0 0 0 0 0 0 0 0 0 0 0 8 0 0 0 0 0 0 0 0 0 0 0 0 0 0 0 0 0 0 7 8 8 8 
8 0 0 0 0 0 0 0 0 0 0 8 8 8 0 0 0 0 0 0 0 0 0 0 0 0 0 0 0 0 0 0 7 8 8 8 
8 0 0 0 8 0 0 0 0 0 8 8 8 0 0 0 0 0 0 0 0 0 0 0 0 0 0 0 0 0 0 0 7 7 7 7 
8 8 8 8 8 8 0 0 0 0 8 0 0 0 7 0 0 0 0 0 0 8 8 8 8 8 7 0 0 0 0 0 7 7 7 7 
8 8 8 8 8 0 0 8 8 8 8 0 0 0 4 4 4 4 4 0 0 8 8 8 8 8 7 0 0 0 0 0 0 0 0 0 
7 7 7 0 8 8 0 0 0 0 3 3 3 3 3 3 3 4 4 4 4 7 7 7 7 7 7 0 0 0 0 0 0 0 0 0 
4 4 4 3 3 3 3 0 0 0 3 0 3 3 3 3 3 3 3 3 4 4 7 7 7 7 7 0 0 0 0 0 4 4 4 4 
4 3 3 3 3 0 0 0 0 0 0 0 0 0 0 3 3 3 3 3 3 4 0 0 0 0 0 0 0 0 0 0 4 4 4 4 
3 3 3 3 3 0 0 0 0 0 0 0 0 0 0 0 0 0 3 3 3 0 0 0 0 0 0 0 0 0 0 0 4 0 0 0 
3 3 3 0 0 0 0 0 0 0 0 0 0 0 0 0 0 0 0 0 0 0 0 0 0 0 0 0 0 0 0 0 4 0 0 0 
0 0 3 0 0 0 0 0 0 0 0 0 0 0 0 0 0 0 0 0 0 0 0 0 0 0 0 0 0 0 0 0 4 0 0 0 
0 0 0 0 0 0 0 0 0 0 0 0 0 0 0 0 0 0 0 0 0 0 0 0 0 0 0 0 0 0 0 0 4 0 0 0 
0 0 3 0 0 0 0 0 0 0 0 0 0 0 0 0 0 8 8 8 7 7 4 4 4 4 4 4 4 0 0 0 0 0 0 0 
0 3 0 0 0 0 0 0 0 0 0 0 0 0 0 0 0 8 8 8 0 4 4 4 4 4 4 4 4 0 0 0 0 0 0 0 
0 3 0 0 0 0 0 0 0 0 0 0 0 0 0 0 8 8 8 0 3 3 3 3 3 3 3 3 3 0 0 0 0 0 0 0 
0 0 0 0 0 0 0 0 0 0 0 0 0 0 0 0 8 8 0 0 3 3 3 3 3 3 3 3 3 0 0 0 0 0 0 0 
0 0 0 0 0 0 0 0 0 0 0 0 0 0 0 0 8 8 7 0 3 3 3 0 3 0 0 3 3 0 0 0 0 0 0 0 
0 0 0 0 0 0 0 0 0 0 0 0 0 0 8 8 8 7 7 4 3 3 3 3 0 0 0 3 3 0 0 0 0 0 0 0 
0 0 0 0 0 0 0 0 0 0 0 0 0 0 8 8 8 7 7 4 3 3 3 0 0 0 3 3 3 0 0 0 0 0 0 0 
0 0 0 0 0 0 0 0 0 0 0 0 0 0 0 0 7 7 4 3 3 0 0 0 0 0 0 0 0 0 0 0 0 0 0 0 
0 0 0 0 0 0 0 0 0 0 0 0 0 0 0 7 7 7 4 0 0 0 0 0 0 0 0 0 0 0 0 0 0 0 0 0 
0 8 0 0 0 0 0 0 0 0 0 0 0 0 0 0 0 0 4 0 0 0 0 0 0 0 0 0 0 0 0 0 0 0 0 0 
3 3 0 0 0 0 0 0 0 0 0 0 0 0 0 4 4 4 4 0 0 0 0 0 0 0 0 0 0 0 0 0 0 0 0 0 
3 0 0 0 0 0 0 0 0 0 0 0 0 0 0 4 4 4 4 0 0 0 0 0 0 8 8 0 0 0 0 0 0 0 0 0 
0 0 0 0 0 0 0 0 0 0 0 0 0 3 3 3 3 0 0 0 0 0 0 0 0 8 8 0 0 0 0 0 0 0 0 0 
0 0 0 0 0 0 0 0 0 0 0 0 0 0 3 3 3 3 0 0 0 0 0 0 0 8 8 0 0 0 0 0 0 0 0 0 
0 0 0 0 0 0 0 0 0 0 0 0 0 0 0 0 0 3 0 0 8 8 8 8 0 0 8 8 0 0 0 0 4 0 0 0 
0 0 0 0 0 0 0 0 0 0 0 0 0 0 0 0 0 0 0 0 0 0 8 8 8 8 8 8 7 0 0 0 4 0 0 0 
0 0 0 0 0 0 0 0 0 0 0 0 0 0 0 0 0 0 0 0 7 7 8 8 8 8 8 8 7 0 0 4 4 0 0 0 
0 0 0 0 0 0 0 0 0 0 0 0 0 0 0 0 0 0 0 0 0 7 7 7 7 7 7 7 7 0 4 4 0 0 3 0 
0 0 0 0 0 0 0 0 0 0 0 0 0 0 0 0 0 0 0 0 0 7 7 7 7 7 7 7 7 0 4 0 0 3 3 0 
0 0 0 0 0 0 0 0 0 0 0 0 0 0 0 0 0 0 0 0 0 0 0 0 0 0 0 0 0 0 0 0 3 3 0 0 
0 0 0 0 0 0 0 0 0 0 0 0 0 0 0 0 0 0 0 0 4 4 4 4 4 4 4 0 0 0 0 0 0 0 0 0 
0 0 0 0 0 0 0 0 0 0 0 0 0 0 0 0 0 0 0 0 4 4 4 4 4 4 4 0 0 0 0 0 0 8 0 0 
0 0 0 0 0 0 0 0 0 0 0 0 0 0 0 0 0 0 0 0 4 3 3 3 3 3 4 0 0 0 0 0 0 8 8 0 

3 for +psi (down) (small)
4 for +psi (down) (large)

7 for -psi (up) (large)
8 for -psi (up) (small)