1 1 1 1 1 1 1 1 1 1 1 1 1 2 2 9 9 9 9 9 9 2 2 2 2 2 2 9 9 9 9 9 9 2 2 1 
2 1 1 1 1 1 1 1 1 1 1 1 1 2 2 9 9 9 9 9 9 2 2 1 1 2 2 9 9 9 9 9 9 2 2 2 
2 1 1 1 1 1 1 1 1 1 1 2 2 2 2 9 9 9 9 9 9 2 2 1 2 2 2 9 9 9 9 9 9 2 2 2 
2 1 1 1 2 1 1 1 1 1 2 2 2 2 2 9 9 9 9 9 9 2 2 1 2 2 2 9 9 9 9 9 9 9 9 9 
2 2 2 2 2 2 1 1 1 1 2 2 2 2 9 9 9 9 9 9 9 2 2 2 2 2 9 9 9 9 9 9 9 9 9 9 
2 2 2 2 2 1 1 2 2 2 2 2 2 2 9 9 9 9 9 9 9 2 2 2 2 2 9 9 9 9 9 9 9 9 9 9 
9 9 9 2 2 2 2 1 1 2 2 2 2 2 2 2 2 9 9 9 9 9 9 9 9 9 9 9 9 9 9 9 9 9 9 9 
9 9 9 2 2 2 2 2 2 2 2 1 2 2 2 2 2 2 2 2 9 9 9 9 9 9 9 9 9 9 9 9 9 9 9 9 
9 2 2 2 2 1 1 1 1 1 1 1 1 1 1 2 2 2 2 2 2 9 9 9 9 9 9 9 9 9 9 9 9 9 9 9 
2 2 2 2 2 1 1 1 1 1 1 1 1 1 1 1 1 1 2 2 2 9 9 9 9 9 9 9 9 9 9 9 9 2 2 2 
2 2 2 1 1 1 1 1 1 1 1 1 1 1 1 1 1 1 1 2 2 9 9 9 9 9 9 9 9 9 9 9 9 2 2 2 
1 1 2 1 1 1 1 1 1 1 1 0 0 0 0 1 1 1 2 2 2 9 9 9 9 9 9 9 9 9 9 9 9 2 2 2 
2 1 1 1 1 1 1 1 1 0 0 0 0 0 0 1 1 1 2 2 2 9 9 9 9 9 9 9 9 9 9 9 9 2 2 2 
2 2 2 1 1 1 1 1 0 0 0 0 0 0 0 1 1 2 2 2 9 9 9 9 9 9 9 9 9 9 9 9 9 2 2 2 
2 2 1 1 1 1 1 0 0 0 0 0 0 0 1 1 1 2 2 2 9 9 9 9 9 9 9 9 9 9 9 9 9 2 2 2 
2 2 1 1 1 1 0 0 0 0 0 0 0 0 1 1 2 2 2 9 2 2 2 2 2 2 2 2 2 9 9 9 9 2 2 2 
2 1 1 1 1 1 0 0 0 0 0 0 0 1 1 2 2 2 2 9 2 2 2 2 2 2 2 2 2 9 9 9 9 2 2 2 
2 1 1 1 1 0 0 0 0 0 0 0 1 1 1 2 2 2 9 9 2 2 2 1 2 1 1 2 2 9 9 9 9 2 2 2 
2 1 1 1 1 1 0 0 0 0 0 1 1 1 2 2 2 9 9 9 2 2 2 2 1 1 1 2 2 9 9 9 9 2 2 2 
2 1 1 1 1 1 0 0 0 0 1 1 1 2 2 2 2 9 9 9 2 2 2 1 1 1 2 2 2 9 9 9 9 2 2 2 
2 1 1 1 1 1 1 0 1 1 1 1 1 2 2 2 9 9 9 2 2 2 1 1 1 1 1 2 2 9 9 9 9 2 2 2 
2 1 1 1 1 1 1 1 1 1 1 1 2 2 2 9 9 9 9 2 2 2 1 0 0 1 2 2 2 9 9 9 9 2 2 2 
2 2 1 1 1 1 1 1 1 1 1 1 2 2 2 9 9 9 9 2 2 1 1 0 1 1 2 2 2 9 9 9 9 2 2 2 
2 2 1 1 1 1 1 1 1 1 1 1 1 2 2 9 9 9 9 2 2 1 1 1 1 1 1 2 2 9 9 9 9 2 2 2 
2 1 1 1 1 1 1 1 1 1 1 1 1 2 2 9 9 9 9 2 2 2 1 1 1 2 2 2 2 9 9 9 9 2 2 2 
1 1 1 1 1 1 1 1 1 1 1 1 2 2 2 2 2 2 2 2 2 1 1 1 1 2 2 2 9 9 9 9 9 2 2 2 
1 1 1 1 1 1 1 1 1 1 1 1 1 1 2 2 2 2 2 2 2 1 1 1 1 2 2 2 9 9 9 9 9 2 2 2 
1 1 1 1 1 0 1 1 0 1 1 1 1 1 1 1 1 2 2 2 2 2 2 2 1 1 2 2 9 9 9 9 9 2 2 1 
1 1 1 1 0 0 0 0 0 0 0 1 1 1 1 1 1 2 2 2 2 2 2 2 2 2 2 2 9 9 9 9 9 2 2 1 
1 1 1 0 0 0 0 0 0 0 0 0 1 1 1 1 2 2 2 9 9 9 2 2 2 2 2 2 9 9 9 9 9 2 2 1 
1 1 0 0 0 0 0 0 0 0 0 0 0 1 1 1 2 2 2 9 9 9 9 9 9 9 9 9 9 9 9 9 2 2 2 1 
1 1 0 0 0 0 0 0 0 0 0 0 0 0 1 1 2 2 2 9 9 9 9 9 9 9 9 9 9 9 9 2 2 2 2 1 
1 1 0 0 0 0 0 0 0 0 0 0 0 1 1 1 1 2 2 9 9 9 9 9 9 9 9 9 9 9 9 2 2 2 1 1 
1 0 0 0 0 0 0 0 0 0 0 0 1 1 1 2 2 2 2 9 9 9 9 9 9 9 9 9 9 9 9 2 2 1 1 1 
1 0 0 0 0 0 0 0 0 0 0 0 1 1 1 2 2 9 9 9 9 9 9 9 9 9 9 9 9 9 9 2 2 2 1 1 
1 0 0 0 0 0 0 0 0 0 0 1 1 1 2 2 9 9 9 9 9 2 2 2 2 2 9 9 9 9 9 2 2 2 2 1 


Psi runs vertically DOWN -180 to 180
Phi runs horizontally RIGHT -180 to 180
